@CONVERTED_FROM_TEXT
@ITEM=1=ALSFRSb=0
@ITEM=2=ALSFRSb=1
@ITEM=3=ALSFRSb=2
@ITEM=4=ALSFRSb=3
@ITEM=5=ALSFRSsUL=0
@ITEM=6=ALSFRSsUL=1
@ITEM=7=ALSFRSsUL=2
@ITEM=8=ALSFRSsUL=3
@ITEM=9=ALSFRSsT=0
@ITEM=10=ALSFRSsT=1
@ITEM=11=ALSFRSsT=2
@ITEM=12=ALSFRSsT=3
@ITEM=13=ALSFRSsLL=0
@ITEM=14=ALSFRSsLL=1
@ITEM=15=ALSFRSsLL=2
@ITEM=16=ALSFRSsLL=3
@ITEM=17=R=0
@ITEM=18=R=1
@ITEM=19=R=2
@ITEM=20=R=3
@ITEM=21=ALSFRS-R=0
@ITEM=22=ALSFRS-R=1
@ITEM=23=ALSFRS-R=2
@ITEM=24=ALSFRS-R=3
@ITEM=-1=|
<0> 4 7 10 14 20 24 -1 <1> 4 7 10 14 20 24 -1 <2> 4 7 10 13 20 24 -1 <3> 4 6 10 13 20 24 -1 -2
<0> 4 6 10 13 20 24 -1 <1> 4 5 10 14 20 24 -1 <2> 4 6 9 13 19 23 -1 <3> 4 5 10 13 20 24 -1 <4> 4 5 10 13 19 23 -1 -2
<0> 3 6 10 13 19 23 -1 <1> 3 5 9 13 19 23 -1 -2
<0> 3 6 10 14 20 24 -1 <1> 3 7 11 14 19 24 -1 <2> 3 7 11 14 20 24 -1 -2
<0> 3 6 9 13 20 23 -1 <1> 2 5 9 13 20 23 -1 -2
<0> 3 7 11 15 20 24 -1 <1> 2 7 11 15 20 24 -1 -2
<0> 4 6 10 15 20 24 -1 <1> 4 6 11 15 20 24 -1 <2> 4 6 10 15 20 24 -1 <3> 4 6 10 15 20 24 -1 <4> 4 6 10 14 20 24 -1 -2
<0> 3 7 11 15 20 24 -1 <1> 3 7 10 14 19 24 -1 -2
<0> 4 7 11 14 20 24 -1 <1> 4 7 10 14 20 24 -1 <2> 4 7 10 14 20 24 -1 <3> 4 7 10 14 20 24 -1 <4> 4 7 10 13 20 24 -1 -2
<0> 4 7 10 13 20 24 -1 <1> 4 7 10 13 20 24 -1 <2> 4 7 10 13 20 24 -1 <3> 4 7 10 13 20 24 -1 <4> 4 7 10 13 20 24 -1 -2
<0> 4 5 9 13 20 23 -1 <1> 4 5 9 13 20 23 -1 -2
<0> 4 6 10 15 19 24 -1 <1> 4 6 10 15 19 24 -1 <2> 4 6 10 15 20 24 -1 <3> 4 6 10 14 20 24 -1 <4> 4 6 10 14 19 24 -1 -2
<0> 4 7 10 13 20 24 -1 <1> 4 7 10 13 20 24 -1 <2> 4 7 10 13 20 24 -1 <3> 4 7 10 13 20 24 -1 <4> 4 7 10 13 19 24 -1 -2
<0> 3 7 11 15 19 24 -1 <1> 3 6 10 14 20 24 -1 <2> 3 6 10 14 20 24 -1 <3> 2 6 10 14 20 23 -1 <4> 2 6 10 13 20 23 -1 -2
<0> 4 6 10 15 20 24 -1 <1> 4 5 10 14 20 24 -1 <2> 4 5 10 14 20 23 -1 <3> 4 5 9 13 20 23 -1 <4> 4 5 9 13 20 23 -1 -2
<0> 3 6 10 15 20 24 -1 <1> 4 6 10 15 20 24 -1 <2> 4 6 10 15 20 24 -1 <3> 4 5 10 15 20 24 -1 <4> 4 5 10 14 19 23 -1 -2
<0> 4 7 11 14 20 24 -1 <1> 4 6 10 13 20 24 -1 -2
<0> 3 6 10 14 20 23 -1 <1> 3 6 10 14 20 23 -1 <2> 3 6 10 13 20 23 -1 <3> 3 6 10 14 20 24 -1 <4> 3 6 10 14 20 24 -1 -2
<0> 4 6 10 15 20 24 -1 <1> 4 6 10 15 20 24 -1 -2
<0> 4 6 10 14 20 24 -1 <1> 4 6 10 14 19 24 -1 <2> 3 6 10 14 19 24 -1 <3> 3 6 10 14 19 24 -1 <4> 4 6 9 14 19 23 -1 -2
<0> 3 7 11 15 20 24 -1 <1> 3 6 10 15 19 24 -1 <2> 3 6 10 15 19 24 -1 <3> 3 6 10 15 19 24 -1 <4> 3 6 10 14 19 23 -1 -2
<0> 4 6 10 14 20 24 -1 <1> 4 6 10 13 20 23 -1 <2> 4 6 9 13 20 23 -1 -2
<0> 4 7 10 14 20 24 -1 <1> 4 7 10 14 20 24 -1 <2> 4 7 10 13 20 24 -1 <3> 4 7 10 13 20 24 -1 <4> 4 7 10 13 20 24 -1 -2
<0> 3 7 11 15 19 24 -1 <1> 3 7 11 15 20 24 -1 <2> 2 7 11 15 20 24 -1 -2
<0> 4 7 11 14 20 24 -1 <1> 4 6 10 14 20 24 -1 <2> 4 5 9 13 20 23 -1 <3> 3 5 9 13 20 23 -1 -2
<0> 4 7 10 14 20 24 -1 <1> 4 7 10 14 20 24 -1 <2> 4 7 10 14 20 24 -1 <3> 4 7 10 13 20 24 -1 <4> 4 6 10 13 20 24 -1 -2
<0> 4 6 10 14 20 24 -1 <1> 3 6 10 14 20 24 -1 <2> 4 6 10 14 20 24 -1 <3> 4 6 10 14 20 24 -1 <4> 3 6 10 14 20 24 -1 -2
<0> 2 7 11 15 20 24 -1 <1> 2 7 11 15 19 24 -1 <2> 3 7 11 15 20 24 -1 <3> 2 7 11 15 20 24 -1 <4> 1 7 11 15 20 24 -1 -2
<0> 3 6 11 15 20 24 -1 <1> 3 6 10 15 20 24 -1 <2> 2 6 10 15 19 24 -1 <3> 2 6 10 15 19 24 -1 -2
<0> 2 7 11 14 19 24 -1 <1> 1 7 11 14 19 23 -1 <2> 1 7 10 14 19 23 -1 -2
<0> 3 6 10 14 19 24 -1 <1> 3 7 11 14 19 24 -1 -2
<0> 3 6 10 15 20 24 -1 <1> 3 6 10 15 19 24 -1 <2> 3 6 10 15 20 24 -1 <3> 3 6 10 14 20 24 -1 <4> 3 5 10 14 20 23 -1 -2
<0> 4 6 10 15 20 24 -1 <1> 4 6 10 14 20 24 -1 <2> 3 6 9 14 19 23 -1 <3> 3 5 9 14 19 23 -1 <4> 3 5 9 13 19 22 -1 -2
<0> 3 6 11 15 20 24 -1 <1> 3 6 10 15 20 24 -1 <2> 3 6 10 15 20 24 -1 <3> 3 6 10 15 20 24 -1 <4> 2 6 10 14 19 23 -1 -2
<0> 4 7 10 13 20 24 -1 <1> 4 7 10 13 20 24 -1 <2> 4 6 10 13 20 24 -1 <3> 4 6 9 13 20 23 -1 -2
<0> 4 6 9 14 19 23 -1 <1> 3 6 9 13 20 23 -1 <2> 3 6 9 13 20 23 -1 <3> 3 5 9 13 20 23 -1 <4> 3 5 9 13 19 23 -1 -2
<0> 4 6 10 15 20 24 -1 <1> 4 6 10 15 20 24 -1 <2> 4 6 10 15 20 24 -1 <3> 4 6 10 15 20 24 -1 <4> 4 6 10 15 20 24 -1 -2
<0> 3 6 10 13 19 23 -1 <1> 3 5 9 13 20 23 -1 -2
<0> 4 6 9 13 20 23 -1 <1> 4 6 9 13 20 23 -1 <2> 4 6 9 13 20 23 -1 -2
<0> 4 7 10 13 20 24 -1 <1> 4 7 10 13 20 24 -1 <2> 4 7 9 13 20 24 -1 <3> 4 7 9 13 20 23 -1 <4> 4 7 10 13 20 24 -1 -2
<0> 3 6 10 14 20 24 -1 <1> 3 6 10 14 20 24 -1 -2
<0> 3 7 11 15 20 24 -1 <1> 3 7 11 15 20 24 -1 <2> 2 7 11 15 20 24 -1 <3> 2 7 11 14 19 24 -1 <4> 2 7 11 14 20 24 -1 -2
<0> 4 5 10 14 20 24 -1 <1> 4 5 9 14 20 23 -1 <2> 4 5 9 14 20 23 -1 <3> 3 6 9 13 20 23 -1 <4> 3 5 9 13 19 22 -1 -2
<0> 4 7 10 13 20 24 -1 <1> 4 6 10 13 20 23 -1 -2
<0> 2 7 11 15 20 24 -1 <1> 2 7 11 15 20 24 -1 <2> 1 7 11 15 20 24 -1 <3> 1 7 11 14 19 24 -1 <4> 1 7 10 14 19 23 -1 -2
<0> 2 6 10 15 20 24 -1 <1> 2 6 10 14 20 23 -1 <2> 2 6 10 14 20 23 -1 -2
<0> 4 6 10 14 20 24 -1 <1> 4 6 10 14 19 24 -1 <2> 3 6 10 14 19 24 -1 -2
<0> 4 5 9 15 20 24 -1 <1> 4 5 9 15 20 24 -1 <2> 4 5 9 14 20 23 -1 -2
<0> 2 6 10 14 19 23 -1 <1> 3 6 10 14 19 23 -1 <2> 3 6 10 14 19 24 -1 <3> 3 6 10 14 19 24 -1 <4> 3 6 10 14 19 24 -1 -2
<0> 4 7 11 14 20 24 -1 <1> 4 7 11 14 20 24 -1 <2> 4 7 11 14 20 24 -1 <3> 4 7 11 14 20 24 -1 <4> 4 7 11 13 20 24 -1 -2
<0> 4 7 11 14 20 24 -1 <1> 4 7 10 14 20 24 -1 <2> 4 6 10 14 20 24 -1 <3> 4 6 10 14 20 24 -1 <4> 4 6 10 14 20 24 -1 -2
<0> 4 7 10 14 19 24 -1 <1> 4 6 10 14 20 24 -1 <2> 4 6 10 13 19 23 -1 <3> 4 5 9 13 20 23 -1 -2
<0> 3 7 11 15 20 24 -1 <1> 3 7 11 15 20 24 -1 -2
<0> 4 7 10 14 20 24 -1 <1> 4 6 10 14 20 24 -1 <2> 4 6 10 13 20 24 -1 <3> 4 6 9 14 20 24 -1 <4> 3 6 9 13 19 23 -1 -2
<0> 4 6 11 15 20 24 -1 <1> 4 6 11 14 20 24 -1 <2> 4 6 10 14 20 24 -1 <3> 4 6 10 14 19 24 -1 -2
<0> 2 7 11 15 20 24 -1 <1> 2 7 11 15 20 24 -1 <2> 2 7 11 15 20 24 -1 -2
<0> 3 5 10 14 20 24 -1 <1> 3 5 10 14 20 23 -1 -2
<0> 3 7 11 15 20 24 -1 <1> 2 7 11 15 20 24 -1 -2
<0> 3 6 10 15 20 24 -1 <1> 3 6 10 14 19 23 -1 <2> 2 6 9 14 20 23 -1 <3> 2 6 9 14 20 23 -1 <4> 2 5 9 14 20 23 -1 -2
<0> 3 5 9 13 19 22 -1 <1> 3 5 9 13 19 22 -1 -2
<0> 3 7 11 15 20 24 -1 <1> 3 7 11 15 20 24 -1 <2> 2 6 11 15 19 24 -1 -2
<0> 3 6 9 13 19 23 -1 <1> 3 6 9 13 19 23 -1 -2
<0> 4 7 10 13 20 24 -1 <1> 4 6 10 13 20 24 -1 <2> 4 6 9 13 20 23 -1 -2
<0> 3 6 10 14 19 23 -1 <1> 3 5 10 15 20 23 -1 <2> 3 6 10 15 20 24 -1 <3> 3 6 10 15 20 24 -1 <4> 3 6 10 15 20 24 -1 -2
<0> 4 6 9 13 19 23 -1 <1> 4 6 9 13 19 23 -1 <2> 3 6 9 13 19 23 -1 -2
<0> 4 7 11 15 20 24 -1 <1> 4 6 11 15 20 24 -1 <2> 4 6 10 15 20 24 -1 <3> 4 6 10 14 20 24 -1 <4> 4 6 10 14 20 24 -1 -2
<0> 3 7 11 15 20 24 -1 <1> 3 7 11 15 19 24 -1 -2
<0> 3 6 10 15 20 24 -1 <1> 2 6 10 14 20 24 -1 <2> 2 6 10 14 20 23 -1 -2
<0> 4 7 11 15 19 24 -1 <1> 4 7 11 15 19 24 -1 -2
<0> 4 6 10 14 20 24 -1 <1> 4 6 10 14 20 24 -1 <2> 4 5 9 13 20 23 -1 -2
<0> 4 7 11 14 20 24 -1 <1> 3 6 11 14 20 24 -1 <2> 3 6 10 14 20 24 -1 <3> 3 6 10 13 19 24 -1 -2
<0> 3 7 11 15 20 24 -1 <1> 3 7 11 15 20 24 -1 <2> 3 6 10 15 20 24 -1 -2
<0> 4 7 11 14 20 24 -1 <1> 4 7 11 14 20 24 -1 -2
<0> 4 7 11 14 20 24 -1 <1> 4 7 11 14 20 24 -1 <2> 4 7 11 14 20 24 -1 <3> 4 6 10 14 20 24 -1 <4> 4 7 10 14 20 24 -1 -2
<0> 4 6 10 14 19 24 -1 <1> 4 6 10 14 19 24 -1 <2> 4 6 10 14 20 24 -1 <3> 4 6 10 13 20 24 -1 -2
<0> 2 5 9 13 20 23 -1 <1> 2 5 9 13 20 22 -1 <2> 3 5 9 13 20 23 -1 -2
<0> 4 6 10 14 19 24 -1 <1> 4 6 10 14 19 24 -1 -2
<0> 3 6 10 14 20 23 -1 <1> 3 5 10 14 20 23 -1 -2
<0> 4 7 11 14 20 24 -1 <1> 4 7 11 14 20 24 -1 <2> 4 7 10 14 20 24 -1 <3> 4 7 10 14 20 24 -1 <4> 4 7 10 14 20 24 -1 -2
<0> 3 6 10 14 19 24 -1 <1> 3 6 10 14 19 23 -1 -2
<0> 4 7 11 14 20 24 -1 <1> 4 7 11 14 20 24 -1 <2> 4 7 11 14 20 24 -1 -2
<0> 4 6 10 15 20 24 -1 <1> 4 6 10 15 20 24 -1 <2> 4 6 10 15 20 24 -1 <3> 4 6 10 15 20 24 -1 <4> 3 5 10 15 19 24 -1 -2
<0> 4 7 10 14 20 24 -1 <1> 4 6 10 13 20 24 -1 -2
<0> 1 6 10 14 19 23 -1 <1> 1 6 11 15 20 23 -1 -2
<0> 3 6 11 14 20 24 -1 <1> 2 6 10 13 19 23 -1 <2> 3 6 10 13 19 23 -1 -2
<0> 3 7 11 15 20 24 -1 <1> 3 7 11 15 20 24 -1 <2> 3 7 11 15 20 24 -1 <3> 1 7 11 14 19 24 -1 -2
<0> 2 7 11 15 19 24 -1 <1> 2 7 11 15 19 24 -1 <2> 2 6 10 14 19 24 -1 <3> 2 7 11 15 19 24 -1 -2
<0> 3 7 11 15 19 24 -1 <1> 2 7 11 15 19 24 -1 <2> 2 7 11 15 19 24 -1 -2
<0> 4 6 11 15 20 24 -1 <1> 4 6 11 15 20 24 -1 <2> 4 6 10 15 20 24 -1 <3> 4 6 10 15 20 24 -1 <4> 4 5 10 15 20 24 -1 -2
<0> 4 6 10 15 20 24 -1 <1> 4 6 10 15 20 24 -1 <2> 4 6 10 15 20 24 -1 <3> 4 7 10 15 20 24 -1 <4> 3 6 10 15 20 24 -1 -2
<0> 4 7 11 14 20 24 -1 <1> 4 7 11 14 20 24 -1 <2> 3 7 11 14 20 24 -1 <3> 3 7 11 14 20 24 -1 -2
<0> 4 7 11 14 20 24 -1 <1> 4 6 10 14 19 24 -1 <2> 4 6 10 14 19 24 -1 <3> 4 6 10 14 20 24 -1 <4> 3 6 10 14 19 24 -1 -2
<0> 4 6 10 14 20 24 -1 <1> 4 5 10 14 20 24 -1 <2> 4 5 9 13 20 23 -1 -2
<0> 3 6 10 14 20 24 -1 <1> 3 6 10 14 20 24 -1 <2> 3 6 9 13 20 23 -1 <3> 3 6 9 13 19 23 -1 -2
<0> 3 6 10 14 20 24 -1 <1> 3 6 10 14 19 24 -1 <2> 3 6 10 14 19 24 -1 <3> 3 6 10 14 19 24 -1 <4> 3 6 10 14 20 23 -1 -2
<0> 4 6 10 14 20 24 -1 <1> 4 6 10 13 20 24 -1 <2> 4 6 9 13 20 23 -1 <3> 4 6 9 13 20 23 -1 <4> 4 6 9 13 20 23 -1 -2
<0> 4 6 11 14 20 24 -1 <1> 4 6 11 14 20 24 -1 <2> 4 6 10 13 20 24 -1 <3> 4 6 10 13 20 24 -1 <4> 4 6 10 13 20 24 -1 -2
<0> 3 6 10 15 20 24 -1 <1> 3 5 9 14 20 23 -1 -2
<0> 4 5 10 14 20 23 -1 <1> 4 5 9 14 20 23 -1 <2> 3 5 9 14 20 23 -1 <3> 3 5 9 13 20 23 -1 -2
<0> 3 7 11 15 20 24 -1 <1> 2 7 11 15 20 24 -1 <2> 1 7 11 15 20 24 -1 <3> 1 7 11 15 20 24 -1 -2
<0> 4 6 10 14 19 24 -1 <1> 4 6 10 14 19 24 -1 <2> 4 6 10 14 19 24 -1 -2
<0> 4 6 10 13 19 24 -1 <1> 4 6 10 14 20 24 -1 <2> 4 7 10 14 19 24 -1 <3> 4 6 10 13 19 23 -1 <4> 4 7 10 13 20 24 -1 -2
<0> 3 6 10 14 20 24 -1 <1> 3 6 10 14 20 24 -1 <2> 3 6 10 13 20 24 -1 <3> 3 6 10 14 20 24 -1 <4> 3 6 10 13 19 23 -1 -2
<0> 3 7 11 15 19 24 -1 <1> 3 7 11 15 20 24 -1 <2> 3 7 11 15 20 24 -1 -2
<0> 3 6 10 13 19 23 -1 <1> 3 6 10 13 19 23 -1 -2
<0> 4 6 10 13 20 24 -1 <1> 4 6 10 13 19 24 -1 <2> 4 6 9 13 19 23 -1 -2
<0> 3 6 10 14 20 24 -1 <1> 3 6 10 13 20 24 -1 <2> 3 5 9 13 19 23 -1 -2
<0> 2 7 11 14 20 24 -1 <1> 2 6 11 14 20 24 -1 -2
<0> 3 7 11 14 20 24 -1 <1> 3 7 11 14 20 24 -1 <2> 2 7 11 13 20 23 -1 -2
<0> 4 7 11 14 19 24 -1 <1> 4 7 10 14 20 24 -1 <2> 3 7 10 14 20 24 -1 <3> 4 7 10 14 19 24 -1 <4> 3 7 10 14 19 24 -1 -2
<0> 4 7 10 13 20 24 -1 <1> 4 7 10 13 20 24 -1 <2> 4 6 10 13 20 24 -1 <3> 4 6 10 13 20 24 -1 -2
<0> 4 6 9 14 20 23 -1 <1> 4 5 9 14 20 23 -1 <2> 3 6 10 13 19 23 -1 <3> 3 5 9 13 20 23 -1 <4> 4 5 9 13 20 23 -1 -2
<0> 4 7 11 14 20 24 -1 <1> 4 7 10 14 20 24 -1 <2> 4 6 10 13 20 24 -1 <3> 3 6 10 13 20 24 -1 <4> 3 6 9 13 20 23 -1 -2
<0> 3 5 9 13 19 23 -1 <1> 3 5 9 13 19 22 -1 -2
<0> 3 7 11 15 20 24 -1 <1> 2 7 11 15 20 24 -1 <2> 2 7 11 15 20 24 -1 <3> 1 7 10 15 20 24 -1 <4> 1 6 10 14 20 23 -1 -2
<0> 4 7 11 14 20 24 -1 <1> 4 6 11 14 20 24 -1 <2> 4 7 10 14 20 24 -1 <3> 4 6 10 13 20 24 -1 <4> 3 6 10 13 20 24 -1 -2
<0> 2 6 10 14 20 23 -1 <1> 2 6 10 14 20 23 -1 <2> 1 6 10 14 19 23 -1 <3> 1 6 10 14 19 23 -1 -2
<0> 4 7 11 14 20 24 -1 <1> 4 7 11 14 20 24 -1 <2> 4 7 10 14 20 24 -1 <3> 4 7 10 14 20 24 -1 <4> 4 7 10 14 20 24 -1 -2
<0> 4 7 10 14 20 24 -1 <1> 4 6 9 13 20 23 -1 <2> 4 5 9 13 20 23 -1 -2
<0> 4 7 10 14 20 24 -1 <1> 4 7 10 14 20 24 -1 <2> 4 7 10 14 20 24 -1 <3> 4 6 10 14 20 24 -1 <4> 3 6 10 13 20 24 -1 -2
<0> 4 6 10 14 20 24 -1 <1> 4 6 10 14 20 24 -1 <2> 4 6 10 14 20 24 -1 <3> 3 6 10 14 20 24 -1 <4> 3 5 10 14 20 23 -1 -2
<0> 4 7 11 14 20 24 -1 <1> 4 7 11 14 20 24 -1 <2> 3 7 11 14 20 24 -1 <3> 4 6 10 14 20 24 -1 <4> 4 6 10 14 20 24 -1 -2
<0> 4 7 10 14 20 24 -1 <1> 4 7 10 13 20 24 -1 <2> 4 7 10 13 20 24 -1 <3> 4 7 10 13 20 24 -1 <4> 4 7 9 13 20 23 -1 -2
<0> 3 7 11 15 19 24 -1 <1> 3 6 10 14 19 23 -1 -2
<0> 3 7 11 14 20 24 -1 <1> 1 6 10 13 19 23 -1 -2
<0> 4 6 10 13 20 24 -1 <1> 4 6 10 13 20 24 -1 -2
<0> 4 7 11 14 20 24 -1 <1> 4 7 10 14 20 24 -1 -2
<0> 3 7 11 15 20 24 -1 <1> 3 7 11 15 20 24 -1 <2> 2 6 11 15 20 24 -1 <3> 2 6 10 14 19 24 -1 <4> 1 6 11 14 20 23 -1 -2
<0> 3 7 10 13 20 24 -1 <1> 3 7 10 13 20 24 -1 <2> 4 6 9 13 20 23 -1 <3> 4 6 9 13 20 23 -1 <4> 3 6 9 13 20 23 -1 -2
<0> 4 6 10 14 20 24 -1 <1> 3 6 10 13 20 24 -1 <2> 3 6 10 13 20 24 -1 <3> 3 6 10 13 20 24 -1 <4> 3 6 9 13 20 23 -1 -2
<0> 3 6 10 15 20 24 -1 <1> 2 5 9 13 20 22 -1 <2> 2 5 9 13 20 22 -1 -2
<0> 4 7 10 14 20 24 -1 <1> 4 7 10 14 20 24 -1 <2> 4 7 10 14 20 24 -1 <3> 4 7 10 13 20 24 -1 -2
<0> 2 6 10 13 19 23 -1 <1> 3 6 9 13 19 23 -1 <2> 2 6 9 13 20 22 -1 -2
<0> 3 7 11 15 20 24 -1 <1> 2 6 10 14 20 24 -1 <2> 1 6 10 13 20 23 -1 <3> 1 6 10 13 20 23 -1 -2
<0> 3 7 11 15 19 24 -1 <1> 2 7 11 15 19 24 -1 <2> 2 7 11 15 20 24 -1 <3> 2 7 11 15 20 24 -1 <4> 1 7 11 15 20 24 -1 -2
<0> 4 6 10 14 20 24 -1 <1> 4 6 10 14 20 24 -1 -2
<0> 4 6 10 14 20 24 -1 <1> 4 6 10 14 20 24 -1 <2> 4 6 10 14 20 24 -1 <3> 4 6 10 14 20 24 -1 <4> 4 6 10 14 20 24 -1 -2
<0> 3 7 11 15 19 24 -1 <1> 3 7 10 14 19 24 -1 -2
<0> 4 6 10 15 20 24 -1 <1> 4 6 10 14 20 24 -1 <2> 4 6 10 14 20 24 -1 <3> 4 6 10 13 19 24 -1 <4> 3 6 10 13 19 23 -1 -2
<0> 4 6 10 14 20 24 -1 <1> 4 6 10 14 20 24 -1 <2> 4 6 10 14 20 24 -1 <3> 4 6 10 13 20 24 -1 -2
<0> 3 7 11 15 19 24 -1 <1> 2 6 10 15 19 23 -1 -2
<0> 4 7 11 14 20 24 -1 <1> 3 7 10 14 20 24 -1 <2> 3 6 10 13 20 24 -1 <3> 4 6 10 13 20 24 -1 <4> 3 6 9 13 20 23 -1 -2
<0> 3 6 10 13 20 23 -1 <1> 2 5 9 13 19 23 -1 -2
<0> 4 7 10 14 20 24 -1 <1> 4 7 10 14 20 24 -1 <2> 4 7 10 14 20 24 -1 <3> 4 7 10 14 20 24 -1 <4> 4 7 10 14 20 24 -1 -2
<0> 3 6 11 15 20 24 -1 <1> 3 6 10 14 20 24 -1 <2> 3 6 10 14 20 23 -1 -2
<0> 2 6 9 13 19 23 -1 <1> 1 6 9 13 20 22 -1 <2> 2 6 9 13 20 23 -1 <3> 2 6 9 13 20 23 -1 <4> 2 5 9 13 20 22 -1 -2
<0> 2 7 11 15 20 24 -1 <1> 2 7 11 15 20 24 -1 <2> 3 7 11 15 20 24 -1 <3> 2 7 11 15 20 24 -1 <4> 2 7 11 15 20 24 -1 -2
<0> 4 6 10 15 20 24 -1 <1> 3 6 11 14 20 24 -1 <2> 3 6 10 14 20 24 -1 <3> 3 6 10 13 19 23 -1 <4> 3 6 10 13 19 23 -1 -2
<0> 3 7 11 15 20 24 -1 <1> 3 6 10 14 20 24 -1 <2> 3 6 10 14 20 24 -1 <3> 3 6 10 14 20 24 -1 <4> 3 6 10 14 20 24 -1 -2
<0> 3 6 10 14 20 24 -1 <1> 3 7 10 14 20 24 -1 <2> 3 6 10 13 20 24 -1 <3> 3 6 10 13 20 23 -1 <4> 3 6 9 13 19 23 -1 -2
<0> 3 7 11 15 20 24 -1 <1> 3 7 11 15 19 24 -1 <2> 3 7 11 15 19 24 -1 <3> 3 7 11 15 20 24 -1 <4> 2 7 11 15 20 24 -1 -2
<0> 4 7 11 14 20 24 -1 <1> 4 7 11 14 20 24 -1 <2> 3 7 10 14 20 24 -1 <3> 3 7 11 14 20 24 -1 <4> 3 7 11 14 20 24 -1 -2
<0> 3 7 11 14 20 24 -1 <1> 3 6 10 14 20 24 -1 <2> 3 6 10 14 20 24 -1 <3> 3 6 10 14 20 24 -1 <4> 3 6 10 14 20 24 -1 -2
<0> 4 7 11 14 20 24 -1 <1> 4 6 10 14 20 24 -1 <2> 4 6 10 14 20 24 -1 <3> 3 6 10 14 20 24 -1 -2
<0> 4 7 11 14 20 24 -1 <1> 4 7 11 14 20 24 -1 <2> 4 7 11 14 20 24 -1 <3> 4 7 11 14 20 24 -1 <4> 4 7 11 14 20 24 -1 -2
<0> 3 7 11 14 19 24 -1 <1> 3 7 11 14 19 24 -1 -2
<0> 3 6 10 15 20 24 -1 <1> 3 5 10 15 20 24 -1 <2> 3 5 10 15 19 23 -1 <3> 3 5 10 14 20 23 -1 <4> 3 5 9 14 20 23 -1 -2
<0> 4 6 10 14 20 24 -1 <1> 4 6 9 13 19 23 -1 <2> 4 6 9 13 20 23 -1 <3> 4 5 9 13 19 23 -1 <4> 3 5 9 13 19 23 -1 -2
<0> 3 6 11 14 20 24 -1 <1> 3 6 10 14 20 24 -1 -2
<0> 3 6 10 13 20 23 -1 <1> 3 5 9 13 20 22 -1 <2> 2 5 9 13 20 22 -1 -2
<0> 4 6 10 14 20 24 -1 <1> 4 6 10 14 19 24 -1 <2> 4 5 10 14 19 23 -1 -2
<0> 4 5 9 14 20 23 -1 <1> 4 5 9 13 20 23 -1 <2> 4 5 9 13 20 23 -1 <3> 4 5 9 13 20 23 -1 <4> 4 5 9 13 20 23 -1 -2
<0> 4 7 10 13 20 24 -1 <1> 4 7 10 13 20 24 -1 <2> 4 7 10 13 20 24 -1 -2
<0> 4 6 10 14 20 24 -1 <1> 4 5 10 14 20 24 -1 <2> 3 5 9 14 20 23 -1 <3> 3 5 9 13 19 23 -1 -2
<0> 4 7 11 14 20 24 -1 <1> 4 7 11 14 20 24 -1 <2> 4 7 11 14 20 24 -1 <3> 4 7 11 14 20 24 -1 <4> 4 6 10 14 20 24 -1 -2
<0> 4 7 10 14 20 24 -1 <1> 4 7 10 14 20 24 -1 <2> 4 7 10 13 20 24 -1 -2
<0> 3 7 11 15 20 24 -1 <1> 2 7 11 15 20 24 -1 <2> 2 7 11 14 19 24 -1 <3> 2 6 11 14 20 24 -1 -2
<0> 3 6 10 14 20 24 -1 <1> 2 6 10 14 20 24 -1 -2
<0> 2 5 9 14 20 23 -1 <1> 1 6 10 14 20 23 -1 <2> 1 6 10 14 20 23 -1 -2
<0> 4 6 10 14 20 24 -1 <1> 3 6 10 14 20 24 -1 <2> 4 6 10 14 20 24 -1 <3> 3 6 10 14 20 24 -1 <4> 4 6 10 14 20 24 -1 -2
<0> 3 6 9 13 20 23 -1 <1> 3 6 9 13 20 23 -1 -2
<0> 3 6 10 15 20 24 -1 <1> 3 6 10 15 20 24 -1 <2> 3 6 10 14 20 24 -1 -2
<0> 4 6 10 15 20 24 -1 <1> 3 5 10 14 19 23 -1 -2
<0> 2 5 10 14 19 23 -1 <1> 2 5 9 13 19 23 -1 -2
<0> 3 7 11 15 20 24 -1 <1> 3 6 11 15 20 24 -1 <2> 2 7 11 15 19 24 -1 <3> 1 7 11 14 19 23 -1 -2
<0> 3 6 10 15 20 24 -1 <1> 3 6 10 14 19 23 -1 -2
<0> 4 6 10 15 20 24 -1 <1> 4 5 10 15 20 24 -1 -2
<0> 2 5 9 13 20 22 -1 <1> 2 5 9 13 20 22 -1 <2> 2 5 9 13 20 22 -1 <3> 2 5 9 13 20 22 -1 -2
<0> 3 7 11 15 20 24 -1 <1> 2 6 11 14 20 24 -1 <2> 2 6 10 14 19 23 -1 -2
<0> 4 7 10 14 20 24 -1 <1> 4 7 11 14 20 24 -1 <2> 4 7 10 14 20 24 -1 <3> 4 7 10 13 20 24 -1 <4> 4 7 10 14 20 24 -1 -2
<0> 4 7 11 14 20 24 -1 <1> 4 7 10 14 20 24 -1 -2
<0> 4 7 10 14 20 24 -1 <1> 4 7 11 14 20 24 -1 <2> 4 7 10 14 19 24 -1 <3> 4 7 10 14 20 24 -1 <4> 4 7 10 13 20 24 -1 -2
<0> 4 6 10 13 20 23 -1 <1> 4 6 9 13 20 23 -1 <2> 3 6 9 13 20 23 -1 <3> 4 5 9 13 20 23 -1 -2
<0> 4 7 10 14 20 24 -1 <1> 4 6 10 14 20 24 -1 <2> 4 6 10 14 20 24 -1 <3> 3 6 10 13 20 23 -1 <4> 2 5 9 13 20 23 -1 -2
<0> 4 6 10 15 20 24 -1 <1> 4 6 10 15 20 24 -1 <2> 4 6 10 15 20 24 -1 <3> 4 6 10 15 20 24 -1 <4> 4 6 10 15 20 24 -1 -2
<0> 4 7 11 14 20 24 -1 <1> 3 6 10 13 20 24 -1 <2> 3 6 10 13 20 24 -1 -2
<0> 4 6 10 14 20 24 -1 <1> 4 6 10 14 20 24 -1 <2> 4 6 10 14 19 24 -1 -2
<0> 4 6 10 15 19 24 -1 <1> 4 6 10 14 19 24 -1 -2
<0> 4 7 11 14 20 24 -1 <1> 4 7 11 14 20 24 -1 -2
<0> 4 6 11 15 20 24 -1 <1> 4 6 10 15 20 24 -1 <2> 4 6 10 15 20 24 -1 <3> 4 6 10 15 19 24 -1 <4> 4 6 10 15 19 24 -1 -2
<0> 3 6 11 14 20 24 -1 <1> 3 6 11 14 19 24 -1 -2
<0> 3 7 11 15 20 24 -1 <1> 3 7 11 15 20 24 -1 <2> 3 7 11 14 20 24 -1 -2
<0> 4 7 10 13 20 24 -1 <1> 4 6 10 13 20 24 -1 -2
<0> 3 7 11 15 19 24 -1 <1> 3 7 11 15 20 24 -1 <2> 2 7 11 15 20 24 -1 <3> 2 7 10 14 20 24 -1 -2
<0> 4 6 10 14 20 24 -1 <1> 4 5 9 13 20 23 -1 <2> 3 5 9 13 20 23 -1 <3> 3 5 9 13 20 23 -1 <4> 3 5 9 13 20 23 -1 -2
<0> 4 7 11 14 20 24 -1 <1> 4 7 10 14 20 24 -1 <2> 3 7 10 13 20 24 -1 <3> 3 7 10 13 19 24 -1 <4> 3 6 9 13 20 23 -1 -2
<0> 3 6 10 14 20 24 -1 <1> 3 5 9 14 19 23 -1 <2> 3 5 9 13 19 22 -1 <3> 3 5 9 13 19 22 -1 <4> 3 5 9 13 19 22 -1 -2
<0> 4 6 10 13 19 24 -1 <1> 4 6 10 14 19 24 -1 <2> 3 5 9 13 19 23 -1 -2
<0> 4 6 10 14 20 24 -1 <1> 4 6 10 14 20 24 -1 -2
<0> 3 7 10 15 20 24 -1 <1> 3 6 10 14 19 24 -1 <2> 3 6 10 15 20 24 -1 <3> 2 6 10 14 20 24 -1 -2
<0> 4 6 10 14 20 24 -1 <1> 4 6 10 14 20 24 -1 <2> 3 6 10 14 19 24 -1 -2
<0> 4 7 11 14 20 24 -1 <1> 4 6 10 14 20 24 -1 <2> 4 6 10 14 20 24 -1 <3> 4 6 11 14 19 24 -1 <4> 4 6 11 14 19 24 -1 -2
<0> 4 6 9 13 20 23 -1 <1> 3 5 9 13 20 23 -1 -2
<0> 4 6 10 13 20 24 -1 <1> 4 6 10 13 20 24 -1 <2> 3 6 9 13 20 23 -1 <3> 3 5 9 13 20 23 -1 <4> 3 5 9 13 20 23 -1 -2
<0> 1 7 11 15 20 24 -1 <1> 1 7 11 15 19 24 -1 <2> 1 7 11 15 20 24 -1 <3> 2 7 11 15 20 24 -1 <4> 2 7 10 14 20 24 -1 -2
<0> 3 6 10 15 20 24 -1 <1> 3 6 10 15 20 24 -1 <2> 3 6 10 14 19 24 -1 <3> 2 6 10 14 19 23 -1 -2
<0> 3 7 11 14 20 24 -1 <1> 3 6 10 14 20 24 -1 <2> 3 6 10 14 20 24 -1 -2
<0> 4 6 10 15 20 24 -1 <1> 4 6 10 15 20 24 -1 <2> 4 6 10 15 20 24 -1 <3> 4 5 10 15 20 24 -1 <4> 4 5 10 15 20 24 -1 -2
<0> 4 5 9 15 19 23 -1 <1> 4 5 9 15 20 23 -1 <2> 4 5 9 14 19 23 -1 <3> 4 5 9 14 19 23 -1 -2
<0> 3 5 10 14 20 23 -1 <1> 3 5 9 14 19 23 -1 -2
<0> 2 6 10 14 19 23 -1 <1> 2 6 10 13 19 23 -1 <2> 1 6 10 14 19 23 -1 -2
<0> 4 7 10 14 20 24 -1 <1> 3 7 10 14 20 24 -1 <2> 4 7 10 14 19 24 -1 <3> 3 7 10 14 19 24 -1 <4> 4 7 10 14 19 24 -1 -2
<0> 3 7 11 15 20 24 -1 <1> 3 7 11 15 20 24 -1 <2> 3 7 11 14 20 24 -1 <3> 2 7 10 14 20 24 -1 <4> 1 5 9 13 20 22 -1 -2
<0> 4 6 10 14 20 24 -1 <1> 4 6 10 14 20 24 -1 <2> 4 6 10 13 20 24 -1 <3> 4 6 10 14 20 24 -1 <4> 4 6 10 14 20 24 -1 -2
<0> 4 7 10 14 20 24 -1 <1> 3 7 11 14 20 24 -1 <2> 3 6 10 14 19 24 -1 -2
<0> 4 6 10 15 20 24 -1 <1> 4 6 10 15 20 24 -1 <2> 4 6 10 15 20 24 -1 <3> 4 6 10 15 20 24 -1 <4> 4 6 10 15 20 24 -1 -2
<0> 3 6 9 13 20 23 -1 <1> 3 6 10 14 20 23 -1 <2> 3 6 10 14 19 24 -1 <3> 3 6 9 13 19 23 -1 -2
<0> 4 6 10 14 20 24 -1 <1> 4 5 10 14 20 24 -1 <2> 4 5 10 13 20 23 -1 <3> 4 5 9 13 20 23 -1 -2
<0> 4 6 10 15 20 24 -1 <1> 4 5 9 15 20 24 -1 <2> 4 5 9 14 19 23 -1 <3> 4 5 9 14 19 23 -1 <4> 4 5 9 14 20 23 -1 -2
<0> 4 7 10 15 20 24 -1 <1> 3 6 10 14 20 24 -1 <2> 3 6 10 14 20 24 -1 <3> 3 6 10 14 20 24 -1 -2
<0> 3 7 11 15 19 24 -1 <1> 3 7 11 15 19 24 -1 <2> 3 7 11 14 19 24 -1 -2
<0> 3 6 11 15 20 24 -1 <1> 4 6 11 15 20 24 -1 <2> 4 6 10 15 20 24 -1 <3> 4 6 10 15 20 24 -1 <4> 4 6 10 14 20 24 -1 -2
<0> 3 5 9 14 19 23 -1 <1> 3 5 9 13 20 23 -1 <2> 3 5 9 14 19 23 -1 <3> 3 5 9 13 20 23 -1 <4> 3 5 9 13 20 23 -1 -2
<0> 4 6 10 15 20 24 -1 <1> 4 6 10 14 20 24 -1 <2> 4 6 10 14 19 24 -1 -2
<0> 4 7 11 14 20 24 -1 <1> 4 7 10 14 20 24 -1 <2> 4 7 10 14 20 24 -1 <3> 4 6 10 14 20 24 -1 -2
<0> 3 7 11 15 20 24 -1 <1> 3 7 11 15 19 24 -1 -2
<0> 3 7 11 14 20 24 -1 <1> 3 7 11 14 20 24 -1 <2> 3 7 10 14 20 24 -1 <3> 3 7 10 13 20 24 -1 <4> 2 6 10 13 20 23 -1 -2
<0> 4 7 11 14 20 24 -1 <1> 4 6 11 14 20 24 -1 <2> 4 6 10 14 20 24 -1 <3> 4 7 10 14 20 24 -1 <4> 4 6 10 14 20 24 -1 -2
<0> 4 7 11 14 20 24 -1 <1> 4 7 11 14 20 24 -1 <2> 4 6 10 14 20 24 -1 -2
<0> 4 7 11 14 20 24 -1 <1> 4 7 11 14 20 24 -1 <2> 4 7 11 14 20 24 -1 <3> 4 7 11 14 20 24 -1 <4> 4 7 10 14 20 24 -1 -2
<0> 3 7 10 14 20 24 -1 <1> 3 7 11 14 19 24 -1 <2> 3 7 10 14 19 24 -1 <3> 3 7 10 14 19 24 -1 <4> 2 7 10 13 20 23 -1 -2
<0> 3 6 10 14 19 24 -1 <1> 3 6 10 14 19 24 -1 <2> 3 6 10 13 19 23 -1 <3> 3 6 10 13 19 23 -1 -2
<0> 3 7 11 15 20 24 -1 <1> 3 7 11 14 19 24 -1 <2> 3 7 11 15 20 24 -1 <3> 3 7 11 15 20 24 -1 <4> 2 7 11 15 19 24 -1 -2
<0> 4 6 11 15 20 24 -1 <1> 4 6 10 15 20 24 -1 <2> 4 5 10 15 20 24 -1 <3> 4 5 10 15 20 24 -1 <4> 4 5 10 15 20 24 -1 -2
<0> 2 7 11 15 19 24 -1 <1> 2 7 11 15 19 24 -1 <2> 1 7 10 14 19 23 -1 <3> 1 7 10 14 19 23 -1 <4> 1 6 10 14 19 23 -1 -2
<0> 2 6 10 14 19 24 -1 <1> 2 6 10 14 19 23 -1 -2
<0> 3 6 10 14 19 23 -1 <1> 3 6 10 13 19 23 -1 -2
<0> 4 5 9 13 19 23 -1 <1> 4 5 9 13 20 23 -1 <2> 4 5 9 13 19 22 -1 -2
<0> 4 7 10 14 20 24 -1 <1> 4 7 11 14 20 24 -1 <2> 4 7 10 14 20 24 -1 <3> 4 7 10 14 20 24 -1 <4> 4 7 11 14 20 24 -1 -2
<0> 3 6 10 15 20 24 -1 <1> 3 6 10 14 20 24 -1 <2> 3 6 10 14 20 24 -1 <3> 3 5 9 14 20 23 -1 -2
<0> 4 6 10 15 20 24 -1 <1> 4 7 10 15 20 24 -1 <2> 4 6 10 15 20 24 -1 <3> 4 6 10 15 20 24 -1 <4> 4 6 11 15 20 24 -1 -2
<0> 2 6 10 14 20 23 -1 <1> 3 7 11 15 20 24 -1 <2> 1 6 11 14 20 23 -1 -2
<0> 2 7 10 14 19 24 -1 <1> 2 7 11 14 19 24 -1 -2
<0> 4 7 10 14 20 24 -1 <1> 4 7 10 14 20 24 -1 <2> 4 6 10 14 20 24 -1 <3> 4 6 10 14 20 24 -1 <4> 4 6 10 14 20 24 -1 -2
<0> 3 7 11 14 20 24 -1 <1> 3 7 11 15 20 24 -1 <2> 3 7 11 14 20 24 -1 <3> 2 7 11 14 20 24 -1 <4> 2 6 10 13 20 23 -1 -2
<0> 4 6 10 15 20 24 -1 <1> 4 5 10 14 19 24 -1 <2> 4 6 10 15 20 24 -1 <3> 4 5 10 15 20 24 -1 <4> 4 6 10 15 20 24 -1 -2
<0> 3 7 11 15 20 24 -1 <1> 3 7 11 14 20 24 -1 <2> 3 7 11 15 20 24 -1 <3> 3 6 11 15 19 24 -1 <4> 3 6 10 14 19 23 -1 -2
<0> 4 6 10 14 19 24 -1 <1> 4 6 10 13 19 23 -1 <2> 4 6 10 14 20 24 -1 <3> 3 6 9 13 19 23 -1 -2
<0> 4 7 10 14 19 24 -1 <1> 4 6 10 14 20 24 -1 <2> 4 6 9 13 20 23 -1 -2
<0> 4 7 10 13 20 24 -1 <1> 4 7 10 13 19 23 -1 <2> 3 6 9 13 19 23 -1 -2
<0> 3 7 11 15 20 24 -1 <1> 3 7 11 15 20 24 -1 <2> 3 7 10 14 19 24 -1 -2
<0> 3 7 10 14 20 24 -1 <1> 3 6 10 14 19 23 -1 -2
<0> 2 7 11 15 19 24 -1 <1> 1 7 11 15 20 24 -1 <2> 1 7 11 15 20 24 -1 -2
<0> 3 6 10 14 20 24 -1 <1> 3 6 10 14 20 24 -1 <2> 3 6 10 14 20 24 -1 <3> 3 6 10 14 20 24 -1 <4> 3 6 10 14 20 24 -1 -2
<0> 3 5 9 13 20 23 -1 <1> 3 5 9 13 19 22 -1 -2
<0> 2 6 10 14 20 23 -1 <1> 2 6 10 13 20 23 -1 -2
<0> 3 7 11 15 20 24 -1 <1> 3 6 10 14 20 24 -1 <2> 2 7 10 14 19 24 -1 <3> 2 7 10 14 19 24 -1 -2
<0> 2 5 10 15 19 23 -1 <1> 2 5 9 14 20 22 -1 <2> 2 5 9 13 20 22 -1 <3> 1 5 9 13 19 22 -1 <4> 1 5 9 13 19 22 -1 -2
<0> 4 7 9 13 19 24 -1 <1> 4 6 10 13 19 23 -1 -2
<0> 4 6 10 14 19 24 -1 <1> 4 6 10 14 20 24 -1 <2> 4 6 10 14 19 24 -1 <3> 4 6 10 14 20 24 -1 <4> 4 6 10 14 20 24 -1 -2
<0> 3 6 10 15 20 24 -1 <1> 3 7 11 15 20 24 -1 <2> 2 6 10 14 20 24 -1 -2
<0> 3 7 11 15 20 24 -1 <1> 2 7 11 15 20 24 -1 <2> 1 7 11 15 20 24 -1 <3> 2 7 11 14 20 24 -1 <4> 1 7 11 15 20 24 -1 -2
<0> 2 7 11 14 20 24 -1 <1> 2 7 11 15 20 24 -1 <2> 1 7 10 15 20 24 -1 <3> 1 6 10 14 20 23 -1 -2
<0> 3 7 11 15 20 24 -1 <1> 2 7 11 15 20 24 -1 <2> 2 7 11 15 19 24 -1 <3> 1 7 10 14 19 23 -1 -2
<0> 4 7 10 13 19 24 -1 <1> 4 7 10 14 19 24 -1 <2> 4 7 10 14 19 24 -1 <3> 3 6 10 13 19 24 -1 <4> 4 7 10 13 19 24 -1 -2
<0> 3 6 10 14 19 23 -1 <1> 3 6 10 14 19 23 -1 <2> 3 6 10 14 19 23 -1 <3> 3 6 10 13 19 23 -1 <4> 4 5 10 13 19 23 -1 -2
<0> 3 5 10 15 20 24 -1 <1> 3 5 10 15 20 24 -1 -2
<0> 3 7 11 15 20 24 -1 <1> 3 7 11 15 20 24 -1 <2> 2 7 11 15 20 24 -1 <3> 2 7 11 15 20 24 -1 <4> 2 6 11 15 20 24 -1 -2
<0> 4 6 10 14 20 24 -1 <1> 4 6 10 14 20 24 -1 <2> 4 6 10 14 20 24 -1 <3> 4 6 10 14 20 24 -1 <4> 4 6 10 13 20 24 -1 -2
<0> 2 6 10 14 19 23 -1 <1> 3 6 9 13 19 23 -1 -2
<0> 4 6 10 13 19 23 -1 <1> 4 6 10 13 20 24 -1 <2> 3 6 9 13 20 23 -1 <3> 3 6 10 13 19 23 -1 <4> 4 6 10 13 20 24 -1 -2
<0> 4 6 10 15 19 24 -1 <1> 4 6 10 15 20 24 -1 <2> 4 5 10 15 20 24 -1 <3> 4 5 10 15 20 24 -1 <4> 4 5 9 15 20 24 -1 -2
<0> 3 6 11 15 20 24 -1 <1> 3 6 10 15 19 24 -1 -2
<0> 4 7 10 15 20 24 -1 <1> 4 6 10 15 20 24 -1 <2> 4 6 10 15 20 24 -1 <3> 4 6 10 15 20 24 -1 -2
<0> 3 6 10 15 20 24 -1 <1> 3 6 10 14 20 24 -1 <2> 3 6 10 15 20 24 -1 <3> 4 6 10 15 20 24 -1 <4> 3 6 10 15 19 24 -1 -2
<0> 4 6 10 15 19 24 -1 <1> 3 6 10 14 19 23 -1 -2
<0> 4 6 10 13 20 24 -1 <1> 4 6 10 13 20 24 -1 <2> 4 6 10 13 20 24 -1 <3> 4 6 10 13 20 24 -1 -2
<0> 3 7 11 15 19 24 -1 <1> 2 7 11 15 19 24 -1 -2
<0> 4 7 10 14 20 24 -1 <1> 4 6 10 14 20 24 -1 <2> 4 6 10 14 20 24 -1 <3> 4 7 10 15 20 24 -1 <4> 4 7 10 14 20 24 -1 -2
<0> 4 7 10 14 20 24 -1 <1> 4 7 10 14 20 24 -1 <2> 4 7 10 14 20 24 -1 <3> 4 7 10 14 20 24 -1 <4> 4 7 10 14 20 24 -1 -2
<0> 4 6 11 15 20 24 -1 <1> 4 6 10 15 20 24 -1 <2> 4 6 10 15 20 24 -1 <3> 4 6 11 15 20 24 -1 <4> 4 6 10 15 20 24 -1 -2
<0> 4 6 10 14 20 24 -1 <1> 4 6 10 14 20 24 -1 <2> 4 6 10 14 20 24 -1 -2
<0> 4 7 11 13 19 24 -1 <1> 3 7 10 13 19 24 -1 <2> 3 6 10 13 20 23 -1 <3> 2 6 10 13 19 23 -1 <4> 2 7 10 13 19 23 -1 -2
<0> 4 7 10 13 20 24 -1 <1> 4 7 10 13 20 24 -1 <2> 4 7 10 13 20 24 -1 <3> 4 7 10 13 20 24 -1 <4> 4 6 10 13 20 24 -1 -2
<0> 3 6 10 13 19 24 -1 <1> 3 5 10 13 20 23 -1 <2> 3 6 9 13 20 23 -1 <3> 3 5 9 13 20 23 -1 <4> 3 6 9 13 20 23 -1 -2
<0> 4 6 10 14 19 24 -1 <1> 3 5 9 13 19 23 -1 <2> 3 5 9 13 20 23 -1 <3> 3 5 9 13 19 22 -1 -2
<0> 3 6 11 14 19 24 -1 <1> 4 6 10 14 20 24 -1 <2> 4 6 10 14 20 24 -1 <3> 3 5 10 13 20 23 -1 <4> 3 5 10 13 20 23 -1 -2
<0> 2 7 11 15 19 24 -1 <1> 2 6 10 15 20 24 -1 <2> 2 6 10 15 19 24 -1 -2
<0> 4 6 10 13 20 24 -1 <1> 4 6 10 13 20 24 -1 <2> 4 6 10 13 20 24 -1 <3> 4 6 10 13 20 24 -1 <4> 4 6 11 14 20 24 -1 -2
<0> 2 5 9 13 19 22 -1 <1> 3 5 9 13 19 23 -1 <2> 3 5 9 13 19 23 -1 <3> 3 5 9 13 20 23 -1 <4> 3 5 9 13 20 23 -1 -2
<0> 4 6 10 15 20 24 -1 <1> 4 6 10 15 20 24 -1 <2> 3 6 10 15 20 24 -1 <3> 4 6 10 15 20 24 -1 <4> 4 6 10 14 20 24 -1 -2
<0> 4 5 9 14 19 23 -1 <1> 4 5 9 13 20 23 -1 -2
<0> 4 6 10 14 20 24 -1 <1> 4 6 10 14 20 24 -1 <2> 4 5 9 13 20 23 -1 -2
<0> 4 7 10 14 20 24 -1 <1> 4 7 11 13 20 24 -1 -2
<0> 4 7 10 14 20 24 -1 <1> 4 6 10 14 20 24 -1 <2> 4 7 10 13 20 24 -1 <3> 4 7 10 13 20 24 -1 <4> 4 7 10 13 20 24 -1 -2
<0> 4 7 11 14 20 24 -1 <1> 4 7 10 14 20 24 -1 <2> 4 7 10 14 20 24 -1 <3> 4 7 10 14 20 24 -1 <4> 4 7 10 14 20 24 -1 -2
<0> 3 6 10 15 20 24 -1 <1> 2 6 10 15 20 24 -1 <2> 2 6 10 14 20 23 -1 <3> 1 6 10 15 19 23 -1 -2
<0> 4 6 10 13 20 24 -1 <1> 4 6 10 13 20 23 -1 <2> 3 6 10 13 20 23 -1 -2
<0> 4 7 10 14 20 24 -1 <1> 4 7 10 14 20 24 -1 <2> 4 7 10 14 20 24 -1 <3> 4 7 10 13 20 24 -1 <4> 4 6 10 13 19 24 -1 -2
<0> 3 6 10 14 19 24 -1 <1> 3 6 10 14 19 24 -1 <2> 2 6 10 14 19 23 -1 <3> 2 6 10 14 19 23 -1 <4> 1 6 9 14 19 23 -1 -2
<0> 4 6 10 14 20 24 -1 <1> 4 6 10 14 19 24 -1 <2> 4 6 10 14 20 24 -1 -2
<0> 4 6 11 14 20 24 -1 <1> 4 6 10 14 20 24 -1 <2> 4 6 10 14 19 24 -1 <3> 4 6 10 13 20 24 -1 <4> 4 6 9 14 20 24 -1 -2
<0> 4 7 10 13 20 24 -1 <1> 4 7 11 13 20 24 -1 <2> 4 7 10 13 20 24 -1 <3> 4 7 11 13 20 24 -1 <4> 4 7 10 13 20 24 -1 -2
<0> 3 6 10 13 20 24 -1 <1> 4 5 9 13 20 23 -1 <2> 2 5 9 13 20 23 -1 <3> 2 5 9 13 20 23 -1 <4> 2 5 9 13 20 22 -1 -2
<0> 4 6 10 14 20 24 -1 <1> 3 6 9 13 19 23 -1 -2
<0> 4 7 11 14 20 24 -1 <1> 4 7 11 14 20 24 -1 <2> 4 7 11 14 20 24 -1 <3> 4 7 11 14 20 24 -1 <4> 4 7 11 14 20 24 -1 -2
<0> 3 6 10 14 20 24 -1 <1> 3 6 11 14 20 24 -1 -2
<0> 3 6 10 14 20 24 -1 <1> 2 6 10 14 19 23 -1 -2
<0> 4 6 10 15 20 24 -1 <1> 4 6 10 15 20 24 -1 <2> 4 6 10 14 20 24 -1 <3> 4 5 10 14 20 24 -1 <4> 3 5 10 14 20 23 -1 -2
<0> 4 7 9 13 20 24 -1 <1> 4 7 9 13 20 24 -1 <2> 4 6 9 13 20 23 -1 -2
<0> 4 6 10 13 20 24 -1 <1> 3 6 10 13 20 23 -1 -2
<0> 3 7 11 15 19 24 -1 <1> 3 7 11 15 20 24 -1 <2> 3 7 11 15 20 24 -1 <3> 3 7 11 15 20 24 -1 <4> 2 7 11 15 20 24 -1 -2
<0> 4 7 10 14 20 24 -1 <1> 4 7 11 14 20 24 -1 <2> 4 7 10 14 19 24 -1 -2
<0> 4 6 11 15 20 24 -1 <1> 4 6 10 15 20 24 -1 <2> 4 6 10 14 20 24 -1 <3> 4 6 10 14 19 24 -1 <4> 4 6 9 15 19 24 -1 -2
<0> 3 5 9 13 20 23 -1 <1> 3 5 9 13 20 23 -1 -2
<0> 4 7 11 14 20 24 -1 <1> 4 7 10 14 20 24 -1 <2> 4 6 10 13 20 24 -1 <3> 3 6 9 13 20 23 -1 -2
<0> 4 7 10 14 20 24 -1 <1> 4 6 10 15 20 24 -1 <2> 4 6 10 14 20 24 -1 <3> 4 6 10 14 20 24 -1 <4> 4 6 10 14 19 24 -1 -2
<0> 4 6 10 14 20 24 -1 <1> 4 6 10 14 20 24 -1 <2> 3 6 10 14 20 24 -1 <3> 4 6 10 13 20 24 -1 <4> 4 5 10 13 20 23 -1 -2
<0> 3 7 10 14 20 24 -1 <1> 4 7 11 14 20 24 -1 <2> 4 7 11 14 20 24 -1 <3> 4 7 10 14 20 24 -1 <4> 4 7 11 14 20 24 -1 -2
<0> 4 6 10 13 20 23 -1 <1> 4 6 10 13 19 24 -1 <2> 3 6 10 13 20 23 -1 -2
<0> 4 7 11 14 20 24 -1 <1> 4 7 11 14 20 24 -1 <2> 4 7 11 14 20 24 -1 <3> 4 7 11 14 20 24 -1 <4> 4 7 11 14 20 24 -1 -2
<0> 4 6 10 14 19 24 -1 <1> 4 6 10 14 19 24 -1 <2> 3 6 10 13 19 24 -1 -2
<0> 4 7 11 14 20 24 -1 <1> 4 7 10 13 20 24 -1 <2> 4 7 10 13 20 24 -1 -2
<0> 3 6 11 15 20 24 -1 <1> 3 6 10 14 19 24 -1 -2
<0> 4 7 10 14 20 24 -1 <1> 4 7 10 14 20 24 -1 <2> 4 7 11 14 20 24 -1 <3> 4 7 11 14 20 24 -1 <4> 4 7 10 14 20 24 -1 -2
<0> 3 6 10 14 20 24 -1 <1> 3 6 10 14 20 24 -1 <2> 3 6 10 14 20 24 -1 <3> 3 6 10 14 20 24 -1 <4> 3 6 10 14 20 24 -1 -2
<0> 4 7 10 14 20 24 -1 <1> 3 5 9 13 19 23 -1 <2> 3 5 9 13 20 23 -1 -2
<0> 4 7 10 14 20 24 -1 <1> 4 7 10 14 20 24 -1 <2> 4 7 11 14 20 24 -1 <3> 4 7 10 13 20 24 -1 <4> 4 6 10 13 20 24 -1 -2
<0> 3 6 10 15 19 24 -1 <1> 2 6 10 13 19 23 -1 -2
<0> 4 6 9 13 20 23 -1 <1> 3 5 9 13 20 22 -1 -2
<0> 3 7 11 14 19 24 -1 <1> 2 7 11 14 20 24 -1 -2
<0> 4 6 10 14 19 24 -1 <1> 4 6 10 14 19 24 -1 -2
<0> 3 7 10 13 19 24 -1 <1> 3 6 10 13 19 23 -1 -2
<0> 4 7 10 14 20 24 -1 <1> 3 6 10 14 19 24 -1 -2
<0> 3 6 10 14 19 24 -1 <1> 2 6 10 14 19 24 -1 -2
<0> 4 5 10 14 20 24 -1 <1> 4 5 10 14 20 24 -1 <2> 4 5 10 14 20 24 -1 <3> 4 5 9 14 20 23 -1 <4> 3 5 9 13 19 22 -1 -2
<0> 4 6 10 13 20 24 -1 <1> 3 6 9 13 20 23 -1 -2
<0> 4 6 10 15 20 24 -1 <1> 4 6 10 15 20 24 -1 <2> 4 5 10 15 20 24 -1 <3> 4 5 9 15 20 24 -1 <4> 4 5 9 15 20 24 -1 -2
<0> 4 6 10 15 20 24 -1 <1> 4 6 10 15 20 24 -1 <2> 4 6 10 15 20 24 -1 <3> 4 6 10 15 20 24 -1 <4> 4 6 10 14 20 24 -1 -2
<0> 4 7 10 13 20 24 -1 <1> 4 7 10 13 20 24 -1 -2
<0> 4 6 10 14 19 24 -1 <1> 4 6 10 14 19 24 -1 <2> 4 6 10 14 20 24 -1 <3> 4 6 10 14 19 24 -1 <4> 3 5 10 14 19 23 -1 -2
<0> 4 7 10 14 20 24 -1 <1> 4 6 10 13 20 24 -1 -2
<0> 3 7 11 14 20 24 -1 <1> 4 7 10 14 20 24 -1 <2> 3 6 10 14 20 24 -1 <3> 3 7 10 13 20 24 -1 <4> 3 7 10 14 20 24 -1 -2
<0> 4 7 10 14 20 24 -1 <1> 4 7 10 13 20 24 -1 <2> 4 7 10 13 20 24 -1 -2
<0> 4 7 10 14 20 24 -1 <1> 4 7 10 14 19 24 -1 <2> 4 7 10 14 20 24 -1 <3> 4 7 11 14 20 24 -1 <4> 4 7 11 14 20 24 -1 -2
<0> 3 7 11 15 19 24 -1 <1> 2 7 11 15 20 24 -1 <2> 1 7 11 15 20 24 -1 <3> 2 7 10 13 20 23 -1 -2
<0> 3 6 10 14 20 24 -1 <1> 3 6 10 14 20 24 -1 <2> 3 6 10 14 20 23 -1 <3> 3 5 9 13 20 23 -1 <4> 3 5 9 13 20 23 -1 -2
<0> 3 7 11 15 20 24 -1 <1> 3 7 10 14 20 24 -1 <2> 2 7 10 14 20 24 -1 <3> 1 5 9 13 20 22 -1 -2
<0> 3 6 10 14 19 24 -1 <1> 2 6 10 14 19 23 -1 -2
<0> 4 6 10 15 20 24 -1 <1> 4 6 10 15 20 24 -1 <2> 4 6 10 15 20 24 -1 <3> 4 6 11 15 20 24 -1 <4> 3 6 10 15 20 24 -1 -2
<0> 3 6 10 14 19 24 -1 <1> 4 6 10 14 20 24 -1 <2> 3 6 10 14 19 24 -1 -2
<0> 4 7 10 14 20 24 -1 <1> 4 7 10 14 20 24 -1 <2> 4 7 10 13 20 24 -1 <3> 4 7 10 13 20 24 -1 <4> 4 6 9 13 20 23 -1 -2
<0> 4 6 10 15 20 24 -1 <1> 4 6 10 14 20 24 -1 <2> 4 6 10 14 20 24 -1 <3> 4 6 10 14 20 24 -1 <4> 4 6 10 14 20 24 -1 -2
<0> 4 6 10 15 20 24 -1 <1> 3 6 10 14 20 24 -1 <2> 3 6 10 14 19 24 -1 <3> 3 6 10 14 20 24 -1 <4> 3 6 10 14 19 24 -1 -2
<0> 1 6 9 13 19 23 -1 <1> 2 6 9 13 19 23 -1 <2> 1 5 9 13 20 22 -1 <3> 1 5 9 13 20 22 -1 <4> 1 5 9 13 19 21 -1 -2
<0> 3 6 10 15 19 24 -1 <1> 3 6 10 14 19 24 -1 -2
<0> 4 6 10 14 20 24 -1 <1> 4 6 10 14 19 24 -1 -2
<0> 2 7 11 15 20 24 -1 <1> 1 7 11 15 20 24 -1 <2> 1 6 11 15 20 24 -1 -2
<0> 4 7 11 14 20 24 -1 <1> 4 7 10 14 20 24 -1 <2> 4 7 10 14 20 24 -1 <3> 4 7 10 14 20 24 -1 <4> 4 7 11 14 20 24 -1 -2
<0> 3 5 9 14 19 23 -1 <1> 3 5 10 14 19 23 -1 -2
<0> 3 7 11 14 20 24 -1 <1> 2 7 11 15 19 24 -1 -2
<0> 4 7 11 14 20 24 -1 <1> 4 7 10 14 20 24 -1 <2> 4 6 10 14 20 24 -1 <3> 4 6 10 13 20 24 -1 <4> 4 6 10 13 20 24 -1 -2
<0> 4 7 11 14 20 24 -1 <1> 4 7 11 14 20 24 -1 <2> 4 7 11 14 20 24 -1 <3> 4 7 11 14 20 24 -1 <4> 4 7 11 14 20 24 -1 -2
<0> 4 7 9 13 19 23 -1 <1> 4 7 10 13 19 23 -1 -2
<0> 3 6 10 14 19 24 -1 <1> 3 6 11 13 20 24 -1 -2
<0> 3 7 11 15 20 24 -1 <1> 3 7 11 15 19 24 -1 <2> 3 6 11 15 20 24 -1 <3> 3 6 10 15 20 24 -1 <4> 2 6 10 15 20 24 -1 -2
<0> 3 6 10 15 20 24 -1 <1> 3 6 10 15 20 24 -1 -2
<0> 4 6 10 14 20 24 -1 <1> 4 6 11 14 19 24 -1 <2> 3 6 10 13 19 23 -1 -2
<0> 4 7 11 14 20 24 -1 <1> 4 7 11 14 19 24 -1 <2> 4 7 10 14 19 24 -1 <3> 4 7 10 14 20 24 -1 <4> 3 7 10 14 20 24 -1 -2
<0> 2 7 11 15 20 24 -1 <1> 2 6 10 14 20 23 -1 -2
<0> 3 6 10 14 19 24 -1 <1> 3 6 10 14 19 23 -1 <2> 2 6 10 14 19 23 -1 -2
<0> 4 7 10 13 19 24 -1 <1> 4 6 10 13 20 24 -1 <2> 4 6 10 13 19 23 -1 -2
<0> 4 6 10 14 20 24 -1 <1> 4 6 10 14 20 24 -1 -2
<0> 4 6 10 15 20 24 -1 <1> 4 6 10 14 19 24 -1 -2
<0> 3 5 10 15 20 24 -1 <1> 3 5 10 14 19 23 -1 <2> 3 5 10 13 19 23 -1 -2
<0> 2 7 11 15 20 24 -1 <1> 1 7 11 14 20 24 -1 -2
<0> 4 6 10 14 20 24 -1 <1> 4 6 10 14 19 24 -1 -2
<0> 3 7 10 14 20 24 -1 <1> 3 7 10 13 20 24 -1 <2> 3 7 10 13 20 24 -1 <3> 3 7 9 13 20 23 -1 <4> 2 7 9 13 19 23 -1 -2
<0> 4 7 11 14 20 24 -1 <1> 4 7 11 14 20 24 -1 -2
<0> 3 7 11 15 20 24 -1 <1> 3 7 11 15 20 24 -1 -2
<0> 3 5 9 14 20 23 -1 <1> 2 5 9 13 20 23 -1 -2
<0> 4 6 10 15 20 24 -1 <1> 4 6 10 15 20 24 -1 <2> 4 6 9 15 20 24 -1 <3> 4 5 9 15 20 23 -1 <4> 4 5 9 15 20 23 -1 -2
<0> 3 6 10 13 20 23 -1 <1> 2 5 9 13 19 22 -1 <2> 2 5 9 13 19 22 -1 -2
<0> 4 6 10 14 20 24 -1 <1> 4 6 10 14 20 24 -1 <2> 4 6 10 14 19 24 -1 <3> 4 5 9 13 19 23 -1 <4> 4 5 9 13 19 23 -1 -2
<0> 4 7 10 13 20 24 -1 <1> 4 7 10 13 20 24 -1 <2> 4 7 9 13 20 24 -1 -2
<0> 3 7 11 15 20 24 -1 <1> 3 7 11 15 19 24 -1 -2
<0> 4 6 10 15 20 24 -1 <1> 4 5 10 14 20 23 -1 <2> 3 5 9 14 19 23 -1 <3> 4 5 9 14 19 23 -1 -2
<0> 4 7 11 14 20 24 -1 <1> 4 6 11 14 19 24 -1 <2> 4 6 10 13 20 24 -1 <3> 4 6 9 13 20 23 -1 <4> 4 6 9 13 20 23 -1 -2
<0> 3 6 10 14 20 23 -1 <1> 3 5 10 13 19 23 -1 <2> 2 5 9 13 20 23 -1 -2
<0> 3 6 10 13 19 24 -1 <1> 3 6 10 13 19 23 -1 -2
<0> 4 6 10 15 20 24 -1 <1> 4 6 9 14 20 24 -1 -2
<0> 3 6 10 15 20 24 -1 <1> 3 6 10 15 20 24 -1 -2
<0> 3 6 10 14 20 24 -1 <1> 3 6 10 14 20 24 -1 -2
<0> 4 7 10 14 20 24 -1 <1> 4 7 10 14 20 24 -1 <2> 4 7 10 14 20 24 -1 <3> 4 6 9 13 20 23 -1 -2
<0> 4 7 10 14 20 24 -1 <1> 4 7 10 14 20 24 -1 <2> 4 7 10 13 19 24 -1 <3> 4 7 10 13 19 24 -1 <4> 4 7 10 13 20 24 -1 -2
<0> 4 7 10 14 20 24 -1 <1> 4 7 11 14 20 24 -1 <2> 4 6 11 14 20 24 -1 <3> 4 6 11 14 20 24 -1 <4> 4 6 11 14 20 24 -1 -2
<0> 3 6 10 14 19 24 -1 <1> 3 6 10 14 19 23 -1 -2
<0> 4 6 10 15 20 24 -1 <1> 4 6 10 14 20 24 -1 <2> 4 6 9 14 19 23 -1 <3> 3 6 9 13 20 23 -1 <4> 3 5 9 13 20 23 -1 -2
<0> 4 6 10 15 20 24 -1 <1> 4 6 10 15 20 24 -1 -2
<0> 4 7 10 14 20 24 -1 <1> 4 7 10 14 20 24 -1 <2> 4 7 9 14 20 24 -1 <3> 4 7 9 13 20 24 -1 <4> 4 7 9 13 19 23 -1 -2
<0> 4 7 10 13 20 24 -1 <1> 4 6 9 13 20 23 -1 <2> 4 6 9 13 20 23 -1 -2
<0> 4 7 10 14 20 24 -1 <1> 4 7 10 14 20 24 -1 <2> 3 6 10 13 19 24 -1 <3> 3 5 10 13 20 23 -1 <4> 3 6 10 13 20 23 -1 -2
<0> 4 6 10 14 20 24 -1 <1> 4 6 10 14 20 24 -1 -2
<0> 4 6 10 14 20 24 -1 <1> 4 6 9 13 20 23 -1 -2
<0> 2 6 10 14 20 24 -1 <1> 2 6 10 14 20 24 -1 <2> 2 6 10 13 20 23 -1 <3> 2 6 10 13 20 23 -1 <4> 2 5 9 13 20 23 -1 -2
<0> 3 6 10 15 20 24 -1 <1> 3 6 10 15 20 24 -1 <2> 3 6 10 15 20 24 -1 <3> 3 6 10 14 20 24 -1 <4> 3 6 10 14 20 24 -1 -2
<0> 4 6 10 14 20 24 -1 <1> 4 5 10 13 20 23 -1 -2
<0> 4 7 10 14 20 24 -1 <1> 4 7 10 14 20 24 -1 <2> 4 7 11 14 20 24 -1 <3> 4 7 10 14 20 24 -1 <4> 4 6 11 14 20 24 -1 -2
<0> 4 7 11 14 20 24 -1 <1> 4 7 10 14 20 24 -1 <2> 4 7 10 14 20 24 -1 <3> 4 7 10 14 20 24 -1 <4> 4 6 10 14 20 24 -1 -2
<0> 3 6 10 14 20 24 -1 <1> 2 6 10 13 20 23 -1 <2> 3 6 10 13 20 23 -1 <3> 2 6 9 14 19 23 -1 -2
<0> 4 7 10 14 20 24 -1 <1> 4 7 10 13 20 24 -1 <2> 4 7 10 13 20 24 -1 <3> 4 7 10 13 20 24 -1 <4> 4 7 9 13 19 23 -1 -2
<0> 2 6 10 14 19 23 -1 <1> 2 6 9 14 20 23 -1 <2> 2 6 9 13 20 22 -1 -2
<0> 4 6 10 13 20 24 -1 <1> 4 6 10 13 19 23 -1 -2
<0> 4 6 10 14 20 24 -1 <1> 3 6 10 14 20 24 -1 -2
<0> 2 6 10 13 20 23 -1 <1> 2 6 10 13 20 23 -1 -2
<0> 4 6 10 14 20 24 -1 <1> 4 6 10 14 20 24 -1 <2> 4 6 9 14 20 23 -1 <3> 3 5 9 13 20 23 -1 <4> 3 5 9 13 20 22 -1 -2
<0> 3 6 10 14 20 24 -1 <1> 3 6 10 13 20 23 -1 <2> 3 5 9 13 19 22 -1 -2
<0> 4 7 10 14 20 24 -1 <1> 4 7 10 14 20 24 -1 <2> 4 7 10 13 20 24 -1 <3> 4 7 10 13 20 24 -1 <4> 4 7 10 13 20 24 -1 -2
<0> 3 7 10 14 20 24 -1 <1> 2 6 9 13 20 23 -1 -2
<0> 3 6 10 14 20 24 -1 <1> 3 5 9 13 19 23 -1 <2> 3 5 9 13 19 22 -1 -2
<0> 3 7 10 15 20 24 -1 <1> 3 7 10 15 20 24 -1 <2> 3 6 10 15 20 24 -1 -2
<0> 3 6 10 14 20 24 -1 <1> 3 6 10 14 19 23 -1 -2
<0> 3 5 9 13 19 23 -1 <1> 3 5 9 13 19 23 -1 <2> 3 5 9 13 19 23 -1 <3> 3 5 10 14 19 23 -1 <4> 3 5 9 13 20 23 -1 -2
<0> 2 7 11 14 20 24 -1 <1> 2 7 11 14 20 24 -1 <2> 2 7 11 14 20 24 -1 <3> 1 7 11 14 20 24 -1 <4> 1 7 11 13 19 23 -1 -2
<0> 3 6 10 14 19 24 -1 <1> 3 6 10 14 19 24 -1 -2
<0> 4 6 9 13 20 23 -1 <1> 3 6 9 13 19 23 -1 <2> 3 6 9 13 19 23 -1 -2
<0> 3 6 10 13 19 23 -1 <1> 3 6 10 13 19 23 -1 <2> 3 6 10 13 19 23 -1 <3> 3 6 10 13 20 24 -1 -2
<0> 4 7 10 14 20 24 -1 <1> 4 6 10 14 20 24 -1 <2> 4 6 10 14 20 24 -1 <3> 4 6 10 14 20 24 -1 <4> 4 6 10 13 20 24 -1 -2
<0> 4 6 10 15 20 24 -1 <1> 4 6 10 15 20 24 -1 <2> 4 5 9 15 20 24 -1 <3> 4 5 9 15 20 24 -1 -2
<0> 4 6 9 13 20 23 -1 <1> 4 7 10 13 20 24 -1 -2
<0> 4 7 10 15 20 24 -1 <1> 4 7 10 15 20 24 -1 <2> 4 6 10 15 20 24 -1 <3> 4 6 10 15 20 24 -1 <4> 4 6 10 15 20 24 -1 -2
<0> 4 6 10 14 20 24 -1 <1> 4 6 10 14 20 24 -1 <2> 4 6 10 13 20 24 -1 -2
<0> 4 7 11 14 20 24 -1 <1> 4 7 11 14 20 24 -1 <2> 4 6 10 13 20 24 -1 <3> 3 5 10 13 19 23 -1 -2
<0> 4 6 10 15 20 24 -1 <1> 4 6 10 15 19 24 -1 <2> 4 6 10 15 20 24 -1 <3> 4 6 10 14 19 24 -1 -2
<0> 4 5 10 15 20 24 -1 <1> 4 5 10 14 20 23 -1 <2> 3 5 10 13 20 23 -1 <3> 3 5 9 13 20 23 -1 <4> 2 5 9 13 19 22 -1 -2
<0> 4 7 11 14 20 24 -1 <1> 4 7 11 14 20 24 -1 <2> 4 7 10 14 20 24 -1 <3> 4 7 10 14 20 24 -1 <4> 4 7 10 14 20 24 -1 -2
<0> 4 6 10 14 20 24 -1 <1> 3 6 10 14 20 24 -1 -2
<0> 4 7 11 14 20 24 -1 <1> 4 6 10 14 19 24 -1 <2> 3 6 9 13 19 23 -1 -2
<0> 4 6 10 14 20 24 -1 <1> 4 7 11 14 20 24 -1 <2> 4 6 10 14 20 24 -1 <3> 4 6 10 13 20 24 -1 <4> 4 6 10 13 19 24 -1 -2
<0> 4 7 10 14 20 24 -1 <1> 4 7 10 14 20 24 -1 <2> 4 7 10 14 20 24 -1 <3> 4 7 10 13 20 24 -1 <4> 4 7 10 13 20 24 -1 -2
<0> 3 6 10 14 20 24 -1 <1> 4 6 10 14 20 24 -1 <2> 3 5 9 13 19 22 -1 -2
<0> 4 6 10 15 20 24 -1 <1> 4 6 10 15 20 24 -1 <2> 4 6 10 14 20 24 -1 -2
<0> 4 7 11 14 20 24 -1 <1> 4 7 11 14 20 24 -1 <2> 4 7 10 13 20 24 -1 <3> 4 7 10 13 20 24 -1 <4> 4 7 10 13 20 24 -1 -2
<0> 3 6 10 14 19 23 -1 <1> 3 6 10 14 19 24 -1 <2> 3 6 10 14 19 24 -1 <3> 3 6 10 14 19 24 -1 <4> 3 6 10 14 19 24 -1 -2
<0> 4 6 10 14 20 24 -1 <1> 4 7 11 14 20 24 -1 <2> 4 6 11 14 20 24 -1 <3> 4 7 11 14 20 24 -1 <4> 4 7 11 14 20 24 -1 -2
<0> 4 7 10 13 20 24 -1 <1> 4 7 11 13 20 24 -1 <2> 4 7 10 13 20 24 -1 <3> 4 7 10 14 20 24 -1 <4> 4 7 10 14 20 24 -1 -2
<0> 3 6 10 14 20 24 -1 <1> 3 6 10 14 20 24 -1 -2
<0> 4 6 10 14 20 24 -1 <1> 4 6 9 13 20 23 -1 -2
<0> 4 6 10 13 20 24 -1 <1> 4 6 10 13 20 23 -1 <2> 4 6 10 13 20 23 -1 <3> 4 6 10 13 20 23 -1 <4> 4 6 10 13 20 23 -1 -2
<0> 4 7 10 14 20 24 -1 <1> 4 7 10 14 20 24 -1 <2> 4 7 10 14 20 24 -1 <3> 4 7 11 14 20 24 -1 <4> 4 7 11 14 20 24 -1 -2
<0> 4 7 11 14 20 24 -1 <1> 4 7 10 14 20 24 -1 <2> 4 7 10 13 20 24 -1 <3> 4 7 10 13 20 24 -1 <4> 4 7 10 13 20 24 -1 -2
<0> 4 6 10 13 20 24 -1 <1> 4 6 9 13 20 24 -1 <2> 3 6 9 13 20 23 -1 -2
<0> 4 6 10 15 20 24 -1 <1> 3 5 10 13 20 23 -1 -2
<0> 4 7 10 14 20 24 -1 <1> 4 7 10 14 20 24 -1 <2> 4 7 10 13 20 24 -1 <3> 4 7 10 13 20 24 -1 <4> 4 6 10 13 19 23 -1 -2
<0> 3 7 11 15 20 24 -1 <1> 3 6 10 14 20 24 -1 -2
<0> 4 7 10 14 20 24 -1 <1> 4 7 10 14 20 24 -1 <2> 4 7 10 14 20 24 -1 <3> 4 7 10 14 20 24 -1 <4> 4 7 10 13 20 24 -1 -2
<0> 4 6 10 15 20 24 -1 <1> 4 6 10 14 20 24 -1 <2> 4 6 10 14 20 24 -1 <3> 3 6 10 14 20 24 -1 <4> 3 6 10 14 20 24 -1 -2
<0> 2 7 11 14 20 24 -1 <1> 2 6 10 14 19 23 -1 -2
<0> 4 6 10 13 20 23 -1 <1> 4 6 9 13 20 23 -1 <2> 4 5 9 13 20 23 -1 <3> 4 5 9 13 20 23 -1 <4> 4 5 9 13 20 23 -1 -2
<0> 4 7 11 14 20 24 -1 <1> 4 5 9 13 19 23 -1 -2
<0> 4 7 11 13 20 24 -1 <1> 4 7 10 13 20 24 -1 <2> 4 7 10 13 20 24 -1 <3> 4 7 10 13 20 24 -1 <4> 4 7 10 13 20 24 -1 -2
<0> 3 7 11 15 20 24 -1 <1> 3 7 11 15 20 24 -1 <2> 3 7 11 15 20 24 -1 <3> 2 7 11 15 20 24 -1 <4> 2 7 11 15 20 24 -1 -2
<0> 4 7 10 13 20 24 -1 <1> 4 7 11 13 20 24 -1 <2> 4 7 10 13 20 24 -1 <3> 4 7 10 13 20 24 -1 <4> 4 7 10 13 20 24 -1 -2
<0> 4 7 11 13 20 24 -1 <1> 4 7 10 13 20 24 -1 <2> 4 7 10 13 20 24 -1 <3> 4 7 10 13 20 24 -1 <4> 4 7 10 13 20 24 -1 -2
<0> 4 6 10 15 20 24 -1 <1> 4 6 10 15 20 24 -1 <2> 4 6 10 15 20 24 -1 <3> 4 6 10 15 20 24 -1 <4> 4 6 10 15 20 24 -1 -2
<0> 4 6 10 15 20 24 -1 <1> 4 6 10 14 20 24 -1 <2> 3 5 9 13 20 23 -1 -2
<0> 3 6 10 13 19 23 -1 <1> 3 6 10 13 19 23 -1 -2
<0> 4 6 10 14 20 24 -1 <1> 3 6 10 14 20 24 -1 <2> 3 6 10 14 20 24 -1 <3> 3 6 10 14 20 24 -1 <4> 3 6 10 14 20 24 -1 -2
<0> 3 5 9 13 20 23 -1 <1> 3 5 9 13 20 23 -1 <2> 3 5 9 13 20 23 -1 <3> 3 5 9 13 20 23 -1 <4> 3 5 9 13 20 23 -1 -2
<0> 4 6 10 15 20 24 -1 <1> 4 6 10 15 20 24 -1 <2> 4 6 10 15 20 24 -1 -2
<0> 4 7 11 14 20 24 -1 <1> 4 7 10 14 20 24 -1 <2> 4 7 10 14 20 24 -1 <3> 4 7 10 14 20 24 -1 <4> 4 7 10 14 20 24 -1 -2
<0> 4 7 11 14 20 24 -1 <1> 4 7 11 14 20 24 -1 <2> 4 7 10 14 20 24 -1 <3> 4 7 10 13 20 24 -1 <4> 4 7 10 13 20 24 -1 -2
<0> 4 6 10 15 20 24 -1 <1> 4 6 10 15 19 24 -1 -2
<0> 4 7 10 14 20 24 -1 <1> 4 7 10 14 20 24 -1 <2> 4 7 10 14 20 24 -1 <3> 4 7 10 14 20 24 -1 <4> 4 6 10 14 20 24 -1 -2
<0> 3 6 11 15 19 24 -1 <1> 3 6 10 15 19 24 -1 -2
<0> 4 7 11 15 20 24 -1 <1> 4 6 11 15 20 24 -1 <2> 4 6 10 15 20 24 -1 <3> 4 6 10 15 20 24 -1 <4> 4 6 10 15 20 24 -1 -2
<0> 4 6 11 15 20 24 -1 <1> 4 6 10 14 20 24 -1 <2> 4 5 10 13 19 23 -1 -2
<0> 2 5 9 13 19 22 -1 <1> 2 5 9 13 19 22 -1 <2> 1 5 9 13 19 22 -1 -2
<0> 4 7 11 14 20 24 -1 <1> 4 7 11 13 20 24 -1 <2> 4 7 10 13 20 24 -1 -2
<0> 4 6 10 14 20 24 -1 <1> 4 6 10 14 20 24 -1 <2> 4 6 10 14 20 24 -1 <3> 4 6 10 14 20 24 -1 <4> 4 6 10 14 20 24 -1 -2
<0> 3 7 10 14 20 24 -1 <1> 3 6 10 14 20 24 -1 <2> 2 6 10 14 20 24 -1 -2
<0> 4 7 10 14 20 24 -1 <1> 4 6 10 13 20 24 -1 <2> 4 6 10 13 20 24 -1 -2
<0> 2 7 11 14 20 24 -1 <1> 1 6 10 14 20 23 -1 -2
<0> 2 7 10 14 20 24 -1 <1> 2 6 10 14 20 23 -1 <2> 2 6 10 13 20 23 -1 <3> 2 6 9 13 20 23 -1 -2
<0> 3 7 11 15 20 24 -1 <1> 3 6 11 15 19 24 -1 <2> 3 6 10 15 19 24 -1 -2
<0> 3 6 10 14 20 24 -1 <1> 3 5 10 14 20 23 -1 <2> 3 5 10 14 19 23 -1 <3> 3 5 10 13 19 23 -1 -2
<0> 2 7 11 15 20 24 -1 <1> 2 7 11 15 20 24 -1 <2> 1 7 10 14 19 23 -1 <3> 1 6 11 15 20 24 -1 -2
<0> 3 7 10 14 19 24 -1 <1> 2 6 10 13 19 23 -1 -2
<0> 4 5 10 13 20 23 -1 <1> 4 6 10 13 19 23 -1 <2> 4 5 10 13 19 23 -1 <3> 4 5 10 13 19 23 -1 <4> 4 5 9 13 19 23 -1 -2
<0> 4 7 11 14 20 24 -1 <1> 4 7 10 13 20 24 -1 <2> 3 6 10 13 19 23 -1 -2
<0> 3 7 11 15 20 24 -1 <1> 3 6 11 15 20 24 -1 <2> 3 6 10 15 20 24 -1 <3> 3 6 10 15 20 24 -1 -2
<0> 3 6 10 14 20 24 -1 <1> 3 6 10 14 20 24 -1 <2> 3 6 10 14 20 24 -1 <3> 3 6 10 14 20 24 -1 <4> 3 5 9 13 20 23 -1 -2
<0> 4 7 11 14 20 24 -1 <1> 4 6 10 13 20 24 -1 <2> 4 6 10 13 20 24 -1 -2
<0> 4 7 11 14 20 24 -1 <1> 4 7 10 14 19 24 -1 <2> 4 6 10 14 19 24 -1 <3> 4 6 10 14 19 24 -1 <4> 4 6 10 14 20 24 -1 -2
<0> 2 7 11 15 20 24 -1 <1> 1 7 11 15 19 24 -1 -2
<0> 4 6 11 15 20 24 -1 <1> 4 6 10 14 20 24 -1 <2> 4 6 10 14 20 24 -1 <3> 4 6 10 14 20 24 -1 <4> 4 6 10 14 20 24 -1 -2
<0> 4 7 10 13 20 24 -1 <1> 4 6 10 13 19 23 -1 <2> 4 6 9 13 19 23 -1 <3> 4 6 9 13 19 23 -1 -2
<0> 4 6 10 15 20 24 -1 <1> 4 6 10 15 20 24 -1 <2> 4 6 10 15 20 24 -1 <3> 4 6 10 15 20 24 -1 <4> 4 5 10 15 20 24 -1 -2
<0> 4 7 10 14 20 24 -1 <1> 4 7 10 14 20 24 -1 <2> 4 7 10 13 20 24 -1 <3> 4 7 10 13 20 24 -1 <4> 4 7 10 13 20 24 -1 -2
<0> 4 7 11 14 20 24 -1 <1> 4 7 11 13 20 24 -1 <2> 4 7 11 13 20 24 -1 <3> 4 7 10 13 20 24 -1 <4> 4 7 10 13 20 24 -1 -2
<0> 4 6 10 14 20 24 -1 <1> 4 6 10 14 20 24 -1 <2> 4 6 10 14 20 24 -1 <3> 4 6 10 14 20 24 -1 <4> 4 6 10 14 20 24 -1 -2
<0> 4 6 11 15 20 24 -1 <1> 4 6 10 15 20 24 -1 <2> 4 6 11 15 20 24 -1 <3> 4 6 10 15 20 24 -1 <4> 3 6 10 15 20 24 -1 -2
<0> 3 6 10 14 19 24 -1 <1> 3 6 10 14 19 24 -1 <2> 2 6 10 14 19 23 -1 -2
<0> 4 7 11 15 20 24 -1 <1> 4 7 11 15 20 24 -1 <2> 4 7 11 15 20 24 -1 <3> 4 7 11 15 20 24 -1 <4> 4 7 11 15 20 24 -1 -2
<0> 4 6 10 13 20 24 -1 <1> 4 7 10 13 20 24 -1 <2> 4 7 10 13 20 24 -1 <3> 4 7 10 13 20 24 -1 <4> 4 6 10 13 20 24 -1 -2
<0> 4 7 10 14 20 24 -1 <1> 4 7 10 14 20 24 -1 <2> 4 7 10 14 20 24 -1 <3> 4 7 10 14 20 24 -1 -2
<0> 4 6 10 15 20 24 -1 <1> 3 6 10 14 20 23 -1 <2> 2 6 10 14 20 23 -1 <3> 3 6 10 14 20 24 -1 -2
<0> 4 7 11 14 20 24 -1 <1> 4 7 11 14 20 24 -1 <2> 4 7 11 14 20 24 -1 <3> 4 6 10 13 20 24 -1 <4> 4 6 9 13 20 23 -1 -2
<0> 3 5 10 13 19 23 -1 <1> 3 5 9 13 19 23 -1 -2
<0> 3 6 10 13 20 24 -1 <1> 4 6 10 13 20 24 -1 <2> 3 6 10 13 20 24 -1 -2
<0> 4 6 10 13 19 23 -1 <1> 4 6 10 13 20 24 -1 <2> 4 6 9 13 20 23 -1 -2
<0> 3 6 10 14 20 24 -1 <1> 3 6 10 14 20 24 -1 <2> 3 6 10 13 20 23 -1 -2
<0> 4 6 10 14 20 24 -1 <1> 4 5 10 14 20 24 -1 <2> 3 5 10 14 20 23 -1 <3> 3 5 9 14 19 23 -1 -2
<0> 3 7 10 15 19 24 -1 <1> 3 6 10 14 19 24 -1 -2
<0> 3 7 11 15 20 24 -1 <1> 2 7 11 15 20 24 -1 -2
<0> 2 6 10 14 20 24 -1 <1> 3 6 10 14 20 23 -1 -2
<0> 3 6 10 13 20 24 -1 <1> 3 6 10 13 19 23 -1 -2
<0> 3 6 10 14 19 24 -1 <1> 2 6 10 14 19 23 -1 -2
<0> 4 7 11 14 20 24 -1 <1> 4 7 11 14 20 24 -1 <2> 4 7 11 13 20 24 -1 <3> 4 7 11 14 20 24 -1 <4> 4 7 11 14 20 24 -1 -2
<0> 3 5 10 15 19 24 -1 <1> 2 5 10 15 20 23 -1 <2> 3 5 10 15 20 24 -1 -2
<0> 4 6 10 14 20 24 -1 <1> 4 6 10 14 20 24 -1 -2
<0> 4 7 11 14 20 24 -1 <1> 4 7 11 14 20 24 -1 <2> 4 7 11 14 20 24 -1 <3> 4 7 11 14 20 24 -1 -2
<0> 4 5 10 14 20 24 -1 <1> 4 5 10 14 20 24 -1 -2
<0> 4 6 10 14 19 24 -1 <1> 4 5 10 14 19 23 -1 -2
<0> 2 5 9 13 20 22 -1 <1> 2 5 9 13 20 22 -1 <2> 2 5 9 13 19 22 -1 <3> 2 5 9 13 19 22 -1 -2
<0> 3 6 10 14 20 24 -1 <1> 2 6 10 14 20 23 -1 <2> 2 6 10 13 20 23 -1 -2
<0> 3 6 10 14 20 24 -1 <1> 3 6 10 14 20 24 -1 -2
<0> 3 6 10 14 19 23 -1 <1> 3 6 10 14 19 23 -1 -2
<0> 4 6 10 13 20 24 -1 <1> 4 6 10 13 20 24 -1 <2> 4 5 10 13 19 23 -1 -2
<0> 3 7 10 14 19 24 -1 <1> 2 6 10 13 19 23 -1 -2
<0> 4 6 10 15 20 24 -1 <1> 4 6 10 15 20 24 -1 <2> 4 6 10 14 20 24 -1 -2
<0> 4 6 10 14 20 24 -1 <1> 4 6 10 13 20 24 -1 -2
<0> 3 6 9 13 20 23 -1 <1> 3 5 9 13 20 22 -1 -2
<0> 4 6 10 14 20 24 -1 <1> 4 5 10 13 20 23 -1 <2> 4 5 9 13 19 23 -1 <3> 3 5 9 13 19 23 -1 -2
<0> 3 6 10 15 20 24 -1 <1> 3 6 10 15 20 24 -1 <2> 2 6 10 14 20 24 -1 <3> 2 5 10 14 20 23 -1 -2
<0> 3 7 11 15 20 24 -1 <1> 1 7 11 15 20 24 -1 <2> 1 7 11 15 20 24 -1 -2
<0> 4 6 10 14 20 24 -1 <1> 4 6 9 13 19 23 -1 <2> 4 5 9 13 20 23 -1 -2
<0> 4 6 10 13 20 24 -1 <1> 4 6 9 13 19 23 -1 -2
<0> 3 6 10 14 19 24 -1 <1> 3 6 10 14 20 24 -1 <2> 3 6 10 13 20 24 -1 <3> 3 5 9 13 19 23 -1 -2
<0> 4 5 10 14 20 24 -1 <1> 4 5 10 14 20 23 -1 <2> 4 5 10 14 20 23 -1 -2
<0> 4 7 10 13 20 24 -1 <1> 4 7 10 13 20 24 -1 <2> 4 7 10 13 20 24 -1 -2
<0> 4 6 9 13 19 23 -1 <1> 4 5 9 13 19 23 -1 -2
<0> 4 6 10 14 20 24 -1 <1> 4 6 10 14 20 24 -1 <2> 4 6 10 13 20 24 -1 -2
<0> 4 6 10 14 20 24 -1 <1> 3 6 10 14 20 24 -1 <2> 3 6 9 13 20 23 -1 -2
<0> 4 6 10 15 20 24 -1 <1> 4 6 10 15 20 24 -1 <2> 4 6 10 15 20 24 -1 -2
<0> 4 7 10 14 20 24 -1 <1> 4 7 10 14 20 24 -1 -2
<0> 4 7 10 14 20 24 -1 <1> 4 7 10 14 20 24 -1 <2> 4 6 10 13 20 24 -1 -2
<0> 4 6 10 14 20 24 -1 <1> 4 6 10 14 20 24 -1 <2> 4 6 10 15 20 24 -1 -2
<0> 4 7 11 13 20 24 -1 <1> 4 6 9 13 20 23 -1 -2
<0> 4 6 10 13 20 23 -1 <1> 4 5 10 13 20 23 -1 -2
<0> 4 7 11 14 20 24 -1 <1> 4 7 10 13 20 24 -1 -2
<0> 4 6 10 14 19 24 -1 <1> 4 6 10 14 19 24 -1 -2
<0> 4 6 10 14 20 24 -1 <1> 3 6 10 14 19 23 -1 -2
<0> 4 7 10 14 20 24 -1 <1> 4 6 10 13 20 24 -1 -2
<0> 3 7 11 14 20 24 -1 <1> 3 6 10 14 19 23 -1 -2
<0> 3 5 9 13 20 23 -1 <1> 3 5 9 13 19 22 -1 -2
